32
1166 766
0 0 0
255 255 255
1000 1000 1000
0.0 0.0 0.0
500 500 500
3 100
models/cube.obj output/01.ppm

1166 766
1 1 1
255 255 255
1100 1000 1000
0.0 0.0 0.1
500 500 500
3 100
models/cube.obj output/02.ppm

1166 766
2 2 2
255 255 255
1200 1000 1000
0.0 0.0 0.2
500 500 500
3 100
models/cube.obj output/03.ppm

1166 766
3 3 3
255 255 255
1300 1000 1000
0.0 0.0 0.3
500 500 500
3 100
models/cube.obj output/04.ppm

1166 766
4 4 4
255 255 255
1400 1000 1000
0.0 0.0 0.4
500 500 500
3 100
models/cube.obj output/05.ppm

1166 766
5 5 5
255 255 255
1500 1000 1000
0.0 0.0 0.5
500 500 500
3 100
models/cube.obj output/06.ppm

1166 766
6 6 6
255 255 255
1600 1000 1000
0.0 0.0 0.6
500 500 500
3 100
models/cube.obj output/07.ppm

1166 766
7 7 7
255 255 255
1700 1000 1000
0.0 0.0 0.7
500 500 500
3 100
models/cube.obj output/08.ppm

1166 766
8 8 8
255 255 255
1800 1000 1000
0.0 0.0 0.8
500 500 500
3 100
models/cube.obj output/09.ppm

1166 766
9 9 9
255 255 255
1900 1000 1000
0.0 0.0 0.9
500 500 500
3 100
models/cube.obj output/10.ppm

1166 766
10 10 10
255 255 255
2000 1000 1000
0.0 0.0 1.0
500 500 500
3 100
models/cube.obj output/11.ppm

1166 766
11 11 11
255 255 255
2100 1000 1000
0.0 0.0 1.1
500 500 500
3 100
models/cube.obj output/12.ppm

1166 766
12 12 12
255 255 255
2200 1000 1000
0.0 0.0 1.2
500 500 500
3 100
models/cube.obj output/13.ppm

1166 766
13 13 13
255 255 255
2300 1000 1000
0.0 0.0 1.3
500 500 500
3 100
models/cube.obj output/14.ppm

1166 766
14 14 14
255 255 255
2400 1000 1000
0.0 0.0 1.4
500 500 500
3 100
models/cube.obj output/15.ppm

1166 766
15 15 15
255 255 255
2500 1000 1000
0.0 0.0 1.5
500 500 500
3 100
models/cube.obj output/16.ppm

1166 766
16 16 16
255 255 255
2600 1000 1000
0.0 0.0 1.6
500 500 500
3 100
models/cube.obj output/17.ppm

1166 766
17 17 17
255 255 255
2700 1000 1000
0.0 0.0 1.7
500 500 500
3 100
models/cube.obj output/18.ppm

1166 766
18 18 18
255 255 255
2800 1000 1000
0.0 0.0 1.8
500 500 500
3 100
models/cube.obj output/19.ppm

1166 766
19 19 19
255 255 255
2900 1000 1000
0.0 0.0 1.9
500 500 500
3 100
models/cube.obj output/20.ppm

1166 766
20 20 20
255 255 255
3000 1000 1000
0.0 0.0 2.0
500 500 500
3 100
models/cube.obj output/21.ppm

1166 766
21 21 21
255 255 255
3100 1000 1000
0.0 0.0 2.1
500 500 500
3 100
models/cube.obj output/22.ppm

1166 766
22 22 22
255 255 255
3200 1000 1000
0.0 0.0 2.2
500 500 500
3 100
models/cube.obj output/23.ppm

1166 766
23 23 23
255 255 255
3300 1000 1000
0.0 0.0 2.3
500 500 500
3 100
models/cube.obj output/24.ppm

1166 766
24 24 24
255 255 255
3400 1000 1000
0.0 0.0 2.4
500 500 500
3 100
models/cube.obj output/25.ppm

1166 766
25 25 25
255 255 255
3500 1000 1000
0.0 0.0 2.5
500 500 500
3 100
models/cube.obj output/26.ppm

1166 766
26 26 26
255 255 255
3600 1000 1000
0.0 0.0 2.6
500 500 500
3 100
models/cube.obj output/27.ppm

1166 766
27 27 27
255 255 255
3700 1000 1000
0.0 0.0 2.7
500 500 500
3 100
models/cube.obj output/28.ppm

1166 766
28 28 28
255 255 255
3800 1000 1000
0.0 0.0 2.8
500 500 500
3 100
models/cube.obj output/29.ppm

1166 766
29 29 29
255 255 255
3900 1000 1000
0.0 0.0 2.9
500 500 500
3 100
models/cube.obj output/30.ppm

1166 766
30 30 30
255 255 255
4000 1000 1000
0.0 0.0 3.0
500 500 500
3 100
models/cube.obj output/31.ppm

1166 766
31 31 31
255 255 255
4100 1000 1000
0.0 0.0 3.14159
500 500 500
3 100
models/cube.obj output/32.ppm